##COUNT LOC0 LOC1 LOC2 LOC3 ... LOC31
  21   22   64   88  134  159  271  323  325  371  405  413  433  494  506  516  525  545  617  890  940  970    x    x    x    x    x    x    x    x    x    x    x 
  27    0   39  102  126  142  293  392  395  440  453  460  526  561  590  613  640  699  721  722  734  793  815  824  938  942  956  995    x    x    x    x    x 
  15    2    6  255  293  313  320  396  431  508  514  610  706  745  794  916  640  699  721  722  734  793  815  824  938  942  956  995    x    x    x    x    x 
  21    4   51  135  172  392  521  544  573  656  695  705  756  764  809  835  842  876  908  917  929  996  815  824  938  942  956  995    x    x    x    x    x 
  22    8   21  126  130  143  157  243  321  377  395  458  520  699  715  746  753  832  882  929  943  972  981  824  938  942  956  995    x    x    x    x    x 
   9  468  540  573  636  652  699  749  855  913  395  458  520  699  715  746  753  832  882  929  943  972  981  824  938  942  956  995    x    x    x    x    x 
  15   86  158  181  335  342  436  492  531  572  621  708  724  849  890  983  753  832  882  929  943  972  981  824  938  942  956  995    x    x    x    x    x 
   9    0  174  191  266  471  525  904  906  987  621  708  724  849  890  983  753  832  882  929  943  972  981  824  938  942  956  995    x    x    x    x    x 
   3  293  623  990  266  471  525  904  906  987  621  708  724  849  890  983  753  832  882  929  943  972  981  824  938  942  956  995    x    x    x    x    x 
  13   79  194  219  232  368  392  422  570  647  737  893  940  969  890  983  753  832  882  929  943  972  981  824  938  942  956  995    x    x    x    x    x 
   0   79  194  219  232  368  392  422  570  647  737  893  940  969  890  983  753  832  882  929  943  972  981  824  938  942  956  995    x    x    x    x    x 
  19   43   85  165  204  224  253  278  347  397  455  465  477  517  557  659  764  861  899  984  943  972  981  824  938  942  956  995    x    x    x    x    x 
  18   87  111  181  255  406  412  460  474  495  496  552  643  665  731  735  851 1006 1021  984  943  972  981  824  938  942  956  995    x    x    x    x    x 
  30   71  102  137  140  173  188  246  247  259  293  309  312  314  351  385  449  462  491  541  564  751  786  821  837  866  873  911  923  954  970    x    x 
   1  390  102  137  140  173  188  246  247  259  293  309  312  314  351  385  449  462  491  541  564  751  786  821  837  866  873  911  923  954  970    x    x 
   8  142  500  626  660  732  836  840  910  259  293  309  312  314  351  385  449  462  491  541  564  751  786  821  837  866  873  911  923  954  970    x    x 
  31   70   83  107  111  134  152  215  271  286  407  424  433  437  528  569  587  649  651  701  702  784  793  819  841  864  871  876  899  951  956 1009    x 
   6   52  328  374  482  717  922  215  271  286  407  424  433  437  528  569  587  649  651  701  702  784  793  819  841  864  871  876  899  951  956 1009    x 
  11    5  111  408  550  732  782  785  808  930 1000 1006  433  437  528  569  587  649  651  701  702  784  793  819  841  864  871  876  899  951  956 1009    x 
  14   88   95  176  210  229  268  283  285  322  537  543  576  617 1003  569  587  649  651  701  702  784  793  819  841  864  871  876  899  951  956 1009    x 
   9  302  329  345  485  558  586  631  714  916  537  543  576  617 1003  569  587  649  651  701  702  784  793  819  841  864  871  876  899  951  956 1009    x 
  17    9   22   26   41  136  217  288  310  327  335  416  637  744  789  961  989 1010  651  701  702  784  793  819  841  864  871  876  899  951  956 1009    x 
  14   22  156  197  255  287  411  412  534  628  699  714  718  893  923  961  989 1010  651  701  702  784  793  819  841  864  871  876  899  951  956 1009    x 
  15   15   17   63  122  126  319  382  432  536  569  671  683  830  838  871  989 1010  651  701  702  784  793  819  841  864  871  876  899  951  956 1009    x 
  13  100  359  396  610  635  750  791  952  959  967  972  980  990  838  871  989 1010  651  701  702  784  793  819  841  864  871  876  899  951  956 1009    x 
  24   21   88  191  248  318  376  406  438  439  482  533  559  578  584  592  605  610  710  736  759  874  879  929  959  864  871  876  899  951  956 1009    x 
  29    8   10   14   54   74  150  182  226  268  319  411  449  474  505  542  574  584  598  601  643  658  791  825  885  931  952  983 1010 1017  956 1009    x 
  14   15   61   64   72  137  306  370  434  495  579  811  852  876 1022  542  574  584  598  601  643  658  791  825  885  931  952  983 1010 1017  956 1009    x 
   5  627  730  753  919 1021  306  370  434  495  579  811  852  876 1022  542  574  584  598  601  643  658  791  825  885  931  952  983 1010 1017  956 1009    x 
   2  172  513  753  919 1021  306  370  434  495  579  811  852  876 1022  542  574  584  598  601  643  658  791  825  885  931  952  983 1010 1017  956 1009    x 
   3  231  689  797  919 1021  306  370  434  495  579  811  852  876 1022  542  574  584  598  601  643  658  791  825  885  931  952  983 1010 1017  956 1009    x 
  28    2   11   16   17   45   66  131  240  244  310  367  432  484  486  499  508  586  603  613  702  825  836  865  890  908  909 1016 1021 1017  956 1009    x 
  13  118  308  322  385  417  482  515  612  759  806  857  955  972  486  499  508  586  603  613  702  825  836  865  890  908  909 1016 1021 1017  956 1009    x 
   7  141  241  242  344  381  452  544  612  759  806  857  955  972  486  499  508  586  603  613  702  825  836  865  890  908  909 1016 1021 1017  956 1009    x 
   4  179  683  745  772  381  452  544  612  759  806  857  955  972  486  499  508  586  603  613  702  825  836  865  890  908  909 1016 1021 1017  956 1009    x 
  18   14   17  151  199  257  317  373  391  422  426  450  453  625  704  752  888  934  981  613  702  825  836  865  890  908  909 1016 1021 1017  956 1009    x 
   7  169  279  344  548  783 1005 1011  391  422  426  450  453  625  704  752  888  934  981  613  702  825  836  865  890  908  909 1016 1021 1017  956 1009    x 
   7   14  159  237  276  308  518  678  391  422  426  450  453  625  704  752  888  934  981  613  702  825  836  865  890  908  909 1016 1021 1017  956 1009    x 
  10  149  197  272  363  435  497  595  688  718  818  450  453  625  704  752  888  934  981  613  702  825  836  865  890  908  909 1016 1021 1017  956 1009    x 
   8  134  195  287  561  812  903  944 1002  718  818  450  453  625  704  752  888  934  981  613  702  825  836  865  890  908  909 1016 1021 1017  956 1009    x 
   6   40  292  519  647  723  725  944 1002  718  818  450  453  625  704  752  888  934  981  613  702  825  836  865  890  908  909 1016 1021 1017  956 1009    x 
  27   11   49   58   68   99  151  155  181  224  255  258  300  335  350  362  416  444  533  622  628  639  677  729  732  817  956  962 1021 1017  956 1009    x 
   5   83   88  127  139  827  151  155  181  224  255  258  300  335  350  362  416  444  533  622  628  639  677  729  732  817  956  962 1021 1017  956 1009    x 
  25   83  158  193  250  275  282  354  404  483  527  533  565  592  619  689  723  832  866  883  896  899  922  973  985  987  956  962 1021 1017  956 1009    x 
  22   77   80  104  136  156  210  242  296  440  468  524  558  608  629  660  715  762  786  935  937  976 1006  973  985  987  956  962 1021 1017  956 1009    x 
  28   63  132  156  251  280  297  353  354  365  373  413  443  444  525  538  557  568  580  588  627  683  746  773  815  816  819  889 1016 1017  956 1009    x 
  22   13   36   60  171  180  205  217  250  281  424  430  455  600  630  635  693  715  753  785  797  830 1000  773  815  816  819  889 1016 1017  956 1009    x 
  18    5   16   40  149  156  195  266  274  330  527  605  683  690  795  804  875  941  980  785  797  830 1000  773  815  816  819  889 1016 1017  956 1009    x 
  20   69   70  101  115  160  252  332  368  381  427  429  499  626  681  701  713  783  814  897  993  830 1000  773  815  816  819  889 1016 1017  956 1009    x 
   7  235  236  309  577  668  722  993  368  381  427  429  499  626  681  701  713  783  814  897  993  830 1000  773  815  816  819  889 1016 1017  956 1009    x 
   7   26   69  578  605  655  862  870  368  381  427  429  499  626  681  701  713  783  814  897  993  830 1000  773  815  816  819  889 1016 1017  956 1009    x 
   3  292  404  696  605  655  862  870  368  381  427  429  499  626  681  701  713  783  814  897  993  830 1000  773  815  816  819  889 1016 1017  956 1009    x 
  25   10   43   55  155  194  252  264  338  349  380  393  476  518  549  564  598  610  619  676  713  725  727  773  806  892  819  889 1016 1017  956 1009    x 
   9   19  131  229  241  431  519  526  649  684  380  393  476  518  549  564  598  610  619  676  713  725  727  773  806  892  819  889 1016 1017  956 1009    x 
  16  164  290  375  462  524  624  636  685  688  764  779  797  823  928  946  980  610  619  676  713  725  727  773  806  892  819  889 1016 1017  956 1009    x 
  17   33  106  188  218  282  359  382  460  630  639  671  689  740  889  909  942 1002  619  676  713  725  727  773  806  892  819  889 1016 1017  956 1009    x 
   8  226  418  426  427  662  835  911  983  630  639  671  689  740  889  909  942 1002  619  676  713  725  727  773  806  892  819  889 1016 1017  956 1009    x 
  23   20  143  334  393  439  490  512  529  578  590  616  632  642  653  687  713  767  844  873  874  907  966  982  806  892  819  889 1016 1017  956 1009    x 
  22   29  214  239  244  266  280  294  368  385  400  408  433  497  582  622  637  663  691  727  839  851  900  982  806  892  819  889 1016 1017  956 1009    x 
  14  120  259  312  383  450  460  749  770  894  896  901  905  990 1017  622  637  663  691  727  839  851  900  982  806  892  819  889 1016 1017  956 1009    x 
  12   17   31  330  341  365  400  469  614  824  877  891  995  990 1017  622  637  663  691  727  839  851  900  982  806  892  819  889 1016 1017  956 1009    x 
  15   50   93  117  125  173  191  282  352  358  364  371  385  464  670 1000  637  663  691  727  839  851  900  982  806  892  819  889 1016 1017  956 1009    x 
   0   50   93  117  125  173  191  282  352  358  364  371  385  464  670 1000  637  663  691  727  839  851  900  982  806  892  819  889 1016 1017  956 1009    x 
  23   68  238  257  262  289  345  384  387  448  509  514  556  644  649  669  708  714  794  813  845  914  928 1021  806  892  819  889 1016 1017  956 1009    x 
  24    1   10   12   96  101  136  142  166  174  348  444  467  510  519  520  525  547  654  720  810  845  903  911 1008  892  819  889 1016 1017  956 1009    x 
   3  469  852  993   96  101  136  142  166  174  348  444  467  510  519  520  525  547  654  720  810  845  903  911 1008  892  819  889 1016 1017  956 1009    x 
  17   26  104  149  211  222  270  365  425  465  497  579  647  854  873  875  905  986  654  720  810  845  903  911 1008  892  819  889 1016 1017  956 1009    x 
   7    1  208  238  280  558  824  907  425  465  497  579  647  854  873  875  905  986  654  720  810  845  903  911 1008  892  819  889 1016 1017  956 1009    x 
   9  111  211  366  571  798  814  891  961  962  497  579  647  854  873  875  905  986  654  720  810  845  903  911 1008  892  819  889 1016 1017  956 1009    x 
  31   16   29   96  118  234  251  275  279  342  358  458  495  570  593  628  642  670  710  716  736  764  775  790  811  884  912  942  988  996 1000 1021    x 
  19   63   72  202  213  258  265  331  371  392  591  709  757  760  870  904  910  930  935  965  736  764  775  790  811  884  912  942  988  996 1000 1021    x 
   5  299  376  494  935  957  265  331  371  392  591  709  757  760  870  904  910  930  935  965  736  764  775  790  811  884  912  942  988  996 1000 1021    x 
  16   66   91  259  281  338  381  406  462  528  532  589  629  688  841  906 1018  930  935  965  736  764  775  790  811  884  912  942  988  996 1000 1021    x 
   5  186  403  545  592  810  381  406  462  528  532  589  629  688  841  906 1018  930  935  965  736  764  775  790  811  884  912  942  988  996 1000 1021    x 
  27   23   55  238  257  279  312  339  344  412  434  527  532  553  655  687  755  783  804  809  817  871  873  925  937  997 1013 1019  988  996 1000 1021    x 
  29    1   23   42   50   53   89  116  137  146  244  260  272  286  301  407  420  552  612  627  655  689  696  732  746  800  824  876  941  992 1000 1021    x 
  23   24   61   83   84  103  242  249  267  351  360  362  395  447  473  576  631  766  890  903  912  915  962 1021  746  800  824  876  941  992 1000 1021    x 
   2  258  422   83   84  103  242  249  267  351  360  362  395  447  473  576  631  766  890  903  912  915  962 1021  746  800  824  876  941  992 1000 1021    x 
  25   10   33   54   80   89  120  146  163  209  219  240  275  282  318  364  387  443  451  500  613  636  876  896  976 1009  824  876  941  992 1000 1021    x 
   0   10   33   54   80   89  120  146  163  209  219  240  275  282  318  364  387  443  451  500  613  636  876  896  976 1009  824  876  941  992 1000 1021    x 
   3  584  717  767   80   89  120  146  163  209  219  240  275  282  318  364  387  443  451  500  613  636  876  896  976 1009  824  876  941  992 1000 1021    x 
   7  264  279  315  614  699  868  878  163  209  219  240  275  282  318  364  387  443  451  500  613  636  876  896  976 1009  824  876  941  992 1000 1021    x 
   7   20  155  325  498  566  659  912  163  209  219  240  275  282  318  364  387  443  451  500  613  636  876  896  976 1009  824  876  941  992 1000 1021    x 
  16   11   46   52  115  327  379  425  428  429  445  527  571  798  806  836  841  443  451  500  613  636  876  896  976 1009  824  876  941  992 1000 1021    x 
  27   35   40   86  200  225  349  402  424  449  452  457  470  480  544  571  602  631  637  653  752  823  861  886  918  986  987  994  941  992 1000 1021    x 
  31   23   98  166  191  214  233  265  266  281  287  301  309  324  351  381  410  479  565  590  719  747  751  769  809  851  860  874  891  898  924  949    x 
  13  208  227  269  289  423  459  647  815  822  831  852  878  916  351  381  410  479  565  590  719  747  751  769  809  851  860  874  891  898  924  949    x 
  18   56  126  150  195  198  277  279  360  461  484  488  490  498  534  621  721  738  944  590  719  747  751  769  809  851  860  874  891  898  924  949    x 
   3  144  435  538  195  198  277  279  360  461  484  488  490  498  534  621  721  738  944  590  719  747  751  769  809  851  860  874  891  898  924  949    x 
  17   14   82  120  238  275  303  395  484  497  507  588  653  656  683  734  764  895  944  590  719  747  751  769  809  851  860  874  891  898  924  949    x 
  13    5   71   85  113  202  243  249  333  360  362  592  697  837  683  734  764  895  944  590  719  747  751  769  809  851  860  874  891  898  924  949    x 
  18   90  201  328  343  350  405  469  520  549  557  576  602  671  676  748  864  934  961  590  719  747  751  769  809  851  860  874  891  898  924  949    x 
  27   40   44   50   60  137  184  195  347  350  377  391  469  474  475  522  562  580  634  657  665  666  682  761  812  892  952 1010  891  898  924  949    x 
  24   48   76  109  165  218  261  374  427  429  470  482  486  511  621  660  663  719  775  792  813  839  912  933 1011  892  952 1010  891  898  924  949    x 
   0   48   76  109  165  218  261  374  427  429  470  482  486  511  621  660  663  719  775  792  813  839  912  933 1011  892  952 1010  891  898  924  949    x 
   3  138  345  930  165  218  261  374  427  429  470  482  486  511  621  660  663  719  775  792  813  839  912  933 1011  892  952 1010  891  898  924  949    x 
  10  150  192  326  375  439  509  632  901  935  944  482  486  511  621  660  663  719  775  792  813  839  912  933 1011  892  952 1010  891  898  924  949    x 
   7   73  156  191  344  529  555  715  901  935  944  482  486  511  621  660  663  719  775  792  813  839  912  933 1011  892  952 1010  891  898  924  949    x 
  22  180  220  248  266  277  285  296  367  387  420  450  458  534  570  595  685  690  814  830  837  874  923  933 1011  892  952 1010  891  898  924  949    x 
   3   81  201  544  266  277  285  296  367  387  420  450  458  534  570  595  685  690  814  830  837  874  923  933 1011  892  952 1010  891  898  924  949    x 
